0 0.0634765625 0.18422499414348462 0.1275 0.09193200000000003
0 0.083984375 0.6197946076134699 0.16875 0.08442800000000003
0 0.1435546875 0.7953750248901903 0.2875 0.11538499999999999
0 0.1552734375 0.7084747979502196 0.310625 0.13227000000000003
0 0.064609375 0.2765688653001464 0.106875 0.09005699999999998
0 0.21292968750000002 0.22767460761346997 0.22562499999999996 0.08442799999999998
0 0.2264453125 0.12144309224011714 0.21375 0.07129399999999998
0 0.6165625 0.5245761420204978 0.765625 0.300187
0 0.526875 0.6261253748169839 0.5625 0.190431
0 0.5731640625000001 0.9254013133235724 0.5193749999999999 0.145403
0 0.4086328125 0.16204404978038067 0.10375000000000001 0.228893
0 0.683828125 0.31463621522693996 0.63 0.16510400000000003
0 0.91578125 0.7270524421669107 0.16562500000000002 0.148218
