Weapon 0.0 94.82567099999999 130.56 157.615227
Weapon 0.0 395.31971699999997 172.8 452.984041
Weapon 0.0 504.24114199999997 294.4 583.049097
Weapon 0.0 438.888287 318.08 529.228697
Weapon 12.16 158.896535 121.6 220.405466
Weapon 103.04 127.50175700000001 334.08 185.166081
Weapon 122.88 58.945632 341.76 107.639434
Weapon 239.36 256.285505 1023.36 461.313226
Weapon 251.52 362.643631 827.52 492.708004
Weapon 321.92 583.049097 853.76 682.359346
Weapon 365.44 32.676086000000005 471.68 189.010005
Weapon 378.24 158.896535 1023.36 271.662567
Weapon 853.76 446.576818 1023.36 547.809712
