Weapon 0.0 82.011225 82.56 154.411957
Weapon 0.0 400.44563200000005 416.64 445.29551000000004
Weapon 3.84 259.48877500000003 283.52 359.439678
Weapon 5.12 199.261835 481.28 222.968082
Weapon 6.4 12.814446 69.12 192.854612
Weapon 37.76 8.969839 115.2 234.50122
Weapon 126.08 65.352855 323.84 249.237628
Weapon 168.96 46.77184 282.24 278.06910700000003
Weapon 326.4 67.915471 418.56 212.076281
Weapon 410.24 196.699219 808.32 320.356369
Weapon 481.28 230.656613 588.8 427.996486
Weapon 512.64 414.541386 1023.36 564.468082
Weapon 520.96 151.848658 631.04 265.89599799999996
Weapon 538.88 481.816203 785.92 590.737628
Weapon 728.32 355.59575400000006 751.36 460.672572
Weapon 757.12 159.537189 824.96 217.842167
Weapon 793.6 91.62171799999999 1003.52 262.05139099999997
