Weapon 33.92 162.466094 220.16 242.420446
Weapon 37.76 442.62487200000004 217.6 516.182626
Weapon 53.76 534.731858 197.76 646.027944
Weapon 64.0 19.1891 206.72 137.520958
Weapon 101.76 248.81635 298.88 310.22147
Weapon 113.92 370.346854 304.0 436.228274
Weapon 141.44 432.390454 320.0 538.569678
Weapon 150.4 155.430322 328.96 257.771726
Weapon 201.6 324.932882 452.48 374.823848
Weapon 220.16 366.509034 439.04 438.787052
Weapon 224.0 234.104938 408.96 326.211924
Weapon 230.4 465.011924 368.64 605.090966
Weapon 245.12 87.62929799999999 416.64 226.429298
Weapon 251.52 382.499488 436.48 512.3448060000001
Weapon 261.76 167.58365 455.04 305.103914
Weapon 268.8 161.82692 440.32 301.266094
Weapon 322.56 94.02589599999999 480.0 286.554682
Weapon 335.36 489.957754 431.36 642.190124
Weapon 339.2 429.83236999999997 441.6 575.028274
Weapon 343.68 42.855194 442.88 193.80852199999998
Weapon 406.4 446.46269199999995 481.28 637.072568
Weapon 415.36 46.693014 492.8 273.76218
Weapon 433.92 489.957754 490.24 668.4149960000001
Weapon 439.04 19.1891 502.4 180.376152
Weapon 478.72 452.219422 528.64 649.865764
Weapon 490.24 33.900512 538.88 272.483138
Weapon 515.2 491.23679599999997 584.96 668.4149960000001
Weapon 535.04 17.909364 588.8 189.97070200000002
Weapon 540.16 42.855194 607.36 278.879042
Weapon 544.0 102.980578 698.88 287.83441799999997
Weapon 550.4 452.219422 604.8 642.190124
Weapon 565.12 250.09608599999999 801.28 323.653146
Weapon 567.68 424.07564 704.0 592.298464
Weapon 572.8 173.979554 755.2 311.500512
Weapon 575.36 362.67121399999996 808.96 446.46269199999995
Weapon 579.84 323.653146 812.8 370.346854
Weapon 582.4 391.45417 766.08 513.623848
Weapon 583.68 481.00307200000003 666.24 638.352304
Weapon 588.8 40.297109999999996 677.76 198.925384
Weapon 643.84 471.40852199999995 780.16 605.090966
Weapon 645.12 80.593526 792.32 211.717886
Weapon 692.48 431.11141200000003 878.72 532.1730799999999
Weapon 711.04 152.872238 908.8 239.2218
Weapon 727.68 376.10358399999996 948.48 442.62487200000004
Weapon 746.24 261.60954599999997 1002.24 314.05929000000003
Weapon 800.0 542.407498 979.84 665.856218
Weapon 805.12 29.422824000000002 979.84 141.358778
Weapon 821.12 171.42147 998.4 246.25826600000002
Weapon 827.52 449.02147 996.48 522.57853
Weapon 910.08 459.895062 1018.88 478.444294
