Weapon 0.0 436.622336 156.444672 533.332992
Weapon 17.066496 588.8 409.599744 740.977664
Weapon 21.333504 241.777664 251.733504 342.755328
Weapon 186.311424 435.2 399.64416 530.489344
Weapon 271.644672 227.555328 543.288576 362.667008
Weapon 433.77792 652.8 583.110912 735.289344
Weapon 462.22233600000004 435.2 621.510912 539.022336
Weapon 560.35584 654.222336 704.000256 748.089344
Weapon 632.888832 234.667008 766.577664 349.867008
Weapon 672.711168 423.822336 766.577664 486.4
Weapon 696.888576 678.4 766.577664 716.8
