Weapon 0.64 11.519011 26.88 129.26928
Weapon 28.16 3.19959 51.84 131.828952
Weapon 66.56 5.759749 243.84 257.898642
Weapon 193.92 16.638842 315.52 166.386472
Weapon 266.24 7.6795029999999995 373.76 207.98309
Weapon 330.24 41.596618 531.2 277.737074
Weapon 369.28 0.0 430.08 130.549116
Weapon 384.0 0.0 408.96 74.233897
Weapon 410.24 45.436126 460.16 170.22598000000002
Weapon 433.92 56.955137 538.88 195.183756
Weapon 491.52 29.437689 630.4 181.744991
Weapon 513.92 46.715962 716.16 297.57550599999996
Weapon 600.32 19.198514 705.28 163.186395
Weapon 609.92 15.358519000000001 624.0 129.26928
Weapon 645.12 54.395465 727.68 211.822598
Weapon 698.88 44.15629 832.64 222.701691
Weapon 913.92 1.9197540000000002 926.08 140.148373
Weapon 952.32 28.157853000000003 1006.08 133.109275
